% 1.5
u0 = 4*pi*10^-7;
phi_g = u0*(700-200)*0.5*(2.5e-2)^2/(0.05e-2)
B_g = phi_g/(2.5*10^-2)^2